120 66 440 66 
810 270 150 150 
348 406 84 84 
900 270 540 270 
1102 1218 798 798 
80 120 300 80 
52 208 8 8 
10 180 36 10 
300 690 460 300 
280 560 400 280 
30 180 108 30 
1334 1380 1740 1334 
56 80 140 56 
1056 1392 1276 1056 
60 4 120 4 
76 20 190 20 
198 396 484 198 
690 300 460 300 
242 220 220 220 
1680 280 300 280 
220 40 176 40 
312 1040 240 240 
384 720 960 384 
400 200 100 100 
700 672 1200 672 
544 748 704 544 
616 1456 572 572 
22 220 20 20 
48 720 30 30 
442 714 546 442 
180 78 780 78 
1000 850 680 680 
528 120 220 120 
880 960 1056 880 
36 56 252 36 
216 288 96 96 
1512 1344 1296 1296 
374 34 22 22 
8 96 24 8 
200 520 130 130 
1104 1058 1104 1058 
44 50 1100 44 
684 190 180 180 
230 598 130 130 
256 128 64 64 
840 378 360 360 
14 154 22 14 
480 1020 272 272 
180 540 54 54 
192 576 216 192 
1100 1350 1188 1100 
360 1040 468 360 
672 966 736 672 
240 816 170 170 
510 510 450 450 
780 300 520 300 
704 96 132 96 
960 1152 960 960 
288 360 160 160 
874 608 736 608 
42 1008 48 42 
1058 414 414 414 
560 240 168 168 
250 50 250 50 
96 6 32 6 
1682 1160 1160 1160 
88 208 572 88 
460 1104 480 460 
1450 800 928 800 
1458 1188 1188 1188 
126 308 396 126 
252 756 216 216 
550 418 950 418 
364 78 84 78 
840 952 510 510 
84 72 336 72 
464 304 1102 304 
840 560 1200 560 
920 184 160 160 
256 160 80 80 
88 396 144 88 
320 384 960 320 
546 546 882 546 
728 1508 812 728 
216 136 918 136 
216 200 1350 200 
280 336 60 60 
1104 528 506 506 
1276 220 290 220 
1200 240 360 240 
92 40 460 40 
88 56 154 56 
1242 276 324 276 
400 760 380 380 
320 880 352 320 
290 1276 220 220 
416 52 64 52 
44 308 56 44 
144 96 48 48 
78 156 36 36 
160 180 576 160 
150 168 1400 150 
42 10 210 10 
640 608 760 608 
1680 1620 1512 1512 
364 252 936 252 
1350 1296 1200 1200 
418 266 154 154 
798 646 714 646 
48 648 108 48 
200 140 560 140 
80 80 128 80 
288 384 96 96 
392 1120 280 280 
120 1120 168 120 
200 1200 300 200 
754 58 26 26 
1508 290 260 260 
1064 1400 950 950 
190 418 110 110 
440 880 484 440 
184 46 8 8 
950 600 456 456 
60 120 36 36 
84 280 60 60 
896 384 672 384 
552 48 92 48 
552 456 874 456 
1120 560 400 400 
180 500 450 180 
672 672 512 512 
36 720 40 36 
72 208 468 72 
150 400 48 48 
544 896 952 544 
504 896 288 288 
162 72 648 72 
816 576 408 408 
546 420 260 260 
238 442 182 182 
120 180 108 108 
406 1450 350 350 
418 1140 660 418 
48 240 10 10 
640 736 920 640 
1344 1176 1008 1008 
348 1102 228 228 
100 76 950 76 
120 260 624 120 
1450 696 600 600 
896 1232 704 704 
1352 780 780 780 
234 130 90 90 
580 406 140 140 
48 768 32 32 
88 8 88 8 
192 416 156 156 
72 672 168 72 
96 312 104 96 
756 1134 588 588 
644 1196 728 644 
70 180 252 70 
480 1620 432 432 
270 324 540 270 
832 160 260 160 
174 986 102 102 
266 252 684 252 
576 36 32 32 
780 900 1560 780 
1440 1260 1008 1008 
520 280 182 182 
96 240 80 80 
1080 440 594 440 
1624 1218 1176 1176 
560 840 1200 560 
672 72 168 72 
38 16 304 16 
64 96 48 48 
588 56 84 56 
1026 798 1134 798 
816 672 476 476 
540 396 330 330 
252 364 936 252 
1400 1624 1450 1400 
1404 468 486 468 
432 408 612 408 
1344 1400 1200 1200 
624 672 364 364 
468 504 1456 468 
54 180 540 54 
36 36 162 36 
16 58 464 16 
1080 600 360 360 
504 140 180 140 
416 480 1560 416 
24 2 24 2 
300 280 1680 280 
884 714 1092 714 
200 200 200 200 
280 378 1080 280 
442 204 156 156 
546 442 714 442 
64 256 32 32 
126 162 126 126 
780 208 120 120 
616 1400 550 550 
120 228 380 120 
252 348 1218 252 
150 60 180 60 
504 288 896 288 
84 60 280 60 
696 290 120 120 
836 722 836 722 
750 660 1100 660 
360 336 1680 336 
506 598 286 286 
1000 700 560 560 
52 26 676 26 
168 420 180 168 
800 850 544 544 
224 104 728 104 
480 1200 500 480 
104 260 80 80 
270 480 288 270 
720 288 180 180 
396 342 836 342 
242 176 176 176 
152 456 96 96 
240 40 192 40 
648 312 702 312 
378 864 224 224 
24 108 36 24 
1566 810 870 810 
936 1196 828 828 
608 480 570 480 
140 250 700 140 
288 960 540 288 
48 48 32 32 
260 200 260 200 
16 464 58 16 
230 170 782 170 
760 800 760 760 
594 1296 528 528 
810 150 270 150 
330 264 360 264 
462 66 126 66 
26 572 44 26 
272 128 272 128 
364 392 364 364 
748 308 238 238 
90 80 144 80 
24 36 12 12 
450 270 750 270 
176 208 286 176 
450 600 216 216 
96 384 72 72 
384 256 192 192 
768 816 544 544 
48 312 208 48 
1276 638 484 484 
476 646 532 476 
112 108 1512 108 
1056 836 912 836 
880 1200 1320 880 
1288 224 184 184 
384 336 448 336 
1056 1056 968 968 
58 56 1624 56 
1508 928 832 832 
150 1500 180 150 
162 78 702 78 
1056 1248 1144 1056 
150 12 100 12 
336 96 28 28 
100 30 60 30 
448 464 1624 448 
300 48 200 48 
408 476 336 336 
144 30 240 30 
1242 378 322 322 
1196 1380 1560 1196 
220 380 418 220 
322 154 506 154 
728 420 780 420 
84 150 700 84 
576 672 336 336 
56 336 48 48 
216 384 288 216 
36 112 504 36 
48 32 12 12 
264 108 396 108 
120 120 8 8 
50 18 450 18 
440 44 80 44 
308 264 336 264 
196 336 168 168 
384 416 1248 384 
546 966 598 546 
612 782 828 612 
156 204 442 156 
800 760 760 760 
442 986 754 442 
336 1152 336 336 
368 96 276 96 
380 560 1064 380 
48 336 126 48 
600 720 540 540 
594 54 22 22 
528 1344 616 528 
520 440 286 286 
684 836 792 684 
1188 528 648 528 
168 12 112 12 
104 232 754 104 
260 60 312 60 
812 1450 700 700 
56 56 98 56 
170 238 70 70 
32 16 4 4 
1320 1440 1056 1056 
924 1176 1232 924 
56 728 26 26 
440 160 88 88 
1450 1102 950 950 
414 184 72 72 
360 132 660 132 
900 360 500 360 
560 480 1344 480 
30 200 120 30 
1064 560 380 380 
1026 76 108 76 
1040 160 208 160 
798 252 228 228 
48 720 120 48 
416 1404 432 416 
594 540 220 220 
364 442 476 364 
24 126 168 24 
80 840 84 80 
1320 180 132 132 
92 92 8 8 
96 384 72 72 
1232 1232 968 968 
138 1334 174 138 
400 750 240 240 
540 240 72 72 
220 22 20 20 
384 320 960 320 
140 378 540 140 
308 176 56 56 
702 442 918 442 
280 280 50 50 
900 390 780 390 
160 272 340 160 
336 210 80 80 
272 884 416 272 
800 128 200 128 
126 350 450 126 
286 440 520 286 
360 540 108 108 
420 336 360 336 
60 46 1380 46 
200 960 240 200 
308 84 264 84 
572 506 1196 506 
406 70 290 70 
624 1344 728 624 
880 400 440 400 
108 6 36 6 
570 874 690 570 
1568 1120 1120 1120 
364 104 28 28 
216 480 360 216 
120 48 180 48 
34 714 42 34 
132 748 102 102 
72 160 360 72 
950 190 250 190 
198 484 396 198 
28 34 476 28 
140 160 448 140 
300 180 1080 180 
228 144 456 144 
896 704 1232 704 
104 200 650 104 
1334 828 1044 828 
54 162 6 6 
336 112 96 96 
500 950 380 380 
570 1140 900 570 
660 240 88 88 
484 1144 572 484 
650 100 52 52 
442 702 918 442 
660 1440 528 528 
30 28 420 28 
612 144 136 136 
572 66 156 66 
704 1232 896 704 
520 360 234 234 
36 108 6 6 
550 264 600 264 
840 42 40 40 
1188 216 176 176 
448 1288 368 368 
182 702 378 182 
306 468 884 306 
1458 1080 1080 1080 
440 480 264 264 
1092 462 572 462 
812 336 696 336 
1350 50 54 50 
1624 1450 1400 1400 
966 1288 1176 966 
180 648 180 180 
190 40 152 40 
84 360 420 84 
432 176 594 176 
576 576 288 288 
800 1100 704 704 
572 638 1508 572 
1100 748 850 748 
690 1058 690 690 
306 108 204 108 
600 320 960 320 
126 30 210 30 
972 108 72 72 
1176 588 784 588 
576 612 544 544 
144 72 16 16 
18 28 252 18 
18 18 162 18 
270 648 120 120 
256 960 480 256 
114 722 114 114 
832 1248 768 768 
12 108 18 12 
420 84 90 84 
154 266 418 154 
304 114 48 48 
884 1352 884 884 
216 396 132 132 
456 96 152 96 
1160 640 928 640 
680 782 920 680 
72 60 60 60 
1200 1140 760 760 
900 900 648 648 
104 104 8 8 
6 2 6 2 
700 900 504 504 
6 12 36 6 
308 504 396 308 
782 1242 918 782 
1450 522 450 450 
300 1000 240 240 
400 180 360 180 
170 180 612 170 
812 224 464 224 
700 1300 728 700 
300 870 580 300 
874 418 506 418 
88 8 88 8 
40 50 40 40 
598 1150 650 598 
494 494 722 494 
720 216 240 216 
420 392 1680 392 
936 612 884 612 
1044 360 580 360 
1740 58 60 58 
624 1248 576 576 
612 884 936 612 
1624 840 870 840 
72 480 120 72 
480 160 384 160 
900 180 360 180 
1288 690 840 690 
784 616 308 308 
540 1026 380 380 
224 336 588 224 
48 46 1104 46 
6 162 54 6 
180 180 72 72 
400 1300 416 400 
260 500 650 260 
108 144 96 96 
580 1682 580 580 
1196 230 260 230 
672 48 28 28 
300 264 1100 264 
374 396 612 374 
54 1404 52 52 
900 1150 828 828 
600 180 240 180 
84 1176 112 84 
40 260 52 40 
600 700 336 336 
56 644 92 56 
300 230 1380 230 
1102 798 1218 798 
580 500 1450 500 
616 704 448 448 
374 572 884 374 
408 1020 720 408 
272 238 112 112 
1000 1400 1120 1000 
440 660 1200 440 
30 24 360 24 
78 144 624 78 
736 1058 736 736 
162 18 162 18 
156 162 1404 156 
180 120 432 120 
624 364 168 168 
1026 648 456 456 
400 560 1120 400 
720 600 1500 600 
84 280 60 60 
1092 52 42 42 
1248 1352 1248 1248 
294 1260 420 294 
174 696 72 72 
1624 280 290 280 
200 280 70 70 
594 44 108 44 
600 160 120 120 
480 450 480 450 
494 182 266 182 
238 510 210 210 
1296 720 810 720 
306 952 504 306 
840 588 560 560 
812 1682 812 812 
1196 676 598 598 
1242 966 1134 966 
468 156 216 156 
832 672 1092 672 
936 1404 972 936 
54 72 216 54 
1080 864 1440 864 
264 638 696 264 
150 30 10 10 
32 96 6 6 
784 616 308 308 
72 36 4 4 
684 684 722 684 
1008 1176 756 756 
12 84 56 12 
704 160 220 160 
1008 1008 1568 1008 
768 576 864 576 
56 80 140 56 
988 988 722 722 
816 238 336 238 
450 108 300 108 
850 238 350 238 
880 880 800 800 
18 42 42 18 
874 570 690 570 
1134 1134 882 882 
46 506 22 22 
342 152 72 72 
176 144 792 144 
180 150 60 60 
750 100 60 60 
506 440 920 440 
864 192 324 192 
432 80 270 80 
200 380 380 200 
616 28 44 28 
14 58 406 14 
176 374 272 176 
486 486 1458 486 
504 432 1344 432 
238 42 102 42 
1196 368 416 368 
84 360 420 84 
1400 112 100 100 
60 1500 50 50 
108 648 108 108 
1512 810 840 810 
392 28 28 28 
500 1450 580 500 
432 216 324 216 
1120 896 640 640 
1404 1188 1144 1144 
416 52 16 16 
84 48 504 48 
800 448 700 448 
798 190 210 190 
216 396 528 216 
160 40 128 40 
40 128 160 40 
1450 174 150 150 
232 754 104 104 
480 928 870 480 
176 528 384 176 
660 440 1200 440 
714 588 476 476 
576 480 240 240 
240 144 120 120 
156 1560 180 156 
420 700 750 420 
480 504 840 480 
286 352 416 286 
390 78 90 78 
170 986 290 170 
36 138 276 36 
468 572 198 198 
60 16 480 16 
280 600 840 280 
1080 600 360 360 
494 722 494 494 
608 646 544 544 
392 140 560 140 
1624 232 224 224 
126 420 60 60 
224 1344 192 192 
392 504 126 126 
16 72 36 16 
1350 702 650 650 
144 360 180 144 
144 720 160 144 
40 32 640 32 
130 624 240 130 
242 220 220 220 
216 414 552 216 
18 540 60 18 
952 1344 816 816 
90 270 486 90 
630 480 672 480 
136 112 476 112 
224 112 64 64 
260 140 182 140 
408 336 476 336 
342 722 342 342 
28 294 84 28 
384 1104 368 368 
190 120 456 120 
506 966 462 462 
78 6 26 6 
270 810 150 150 
600 1250 600 600 
546 672 416 416 
306 374 198 198 
30 630 42 30 
208 884 136 136 
110 150 330 110 
460 300 690 300 
408 714 504 408 
810 30 54 30 
232 812 112 112 
240 1200 250 240 
200 240 240 200 
432 216 324 216 
528 1104 506 506 
1104 138 144 138 
672 360 840 360 
522 252 812 252 
550 400 176 176 
120 48 20 20 
1352 1508 1508 1352 
378 84 36 36 
128 400 400 128 
32 960 60 32 
986 1160 680 680 
396 572 234 234 
252 576 224 224 
18 138 138 18 
1300 1500 1560 1300 
690 1104 720 690 
920 230 200 200 
640 320 400 320 
322 112 368 112 
720 936 1040 720 
432 324 96 96 
1380 1058 1380 1058 
98 336 336 98 
462 330 630 330 
60 1500 50 50 
1404 1188 1144 1144 
1680 728 780 728 
520 338 520 338 
6 30 90 6 
224 14 32 14 
350 750 210 210 
168 252 432 168 
288 414 736 288 
384 432 576 384 
290 20 116 20 
238 98 238 98 
714 170 210 170 
162 306 306 162 
832 320 520 320 
1682 1334 1334 1334 
884 520 340 340 
190 646 170 170 
20 20 2 2 
588 840 560 560 
156 48 104 48 
338 78 78 78 
184 144 828 144 
128 96 24 24 
960 660 352 352 
44 44 8 8 
900 900 450 450 
1200 1320 880 880 
432 384 576 384 
230 160 736 160 
168 420 180 168 
72 88 198 72 
1380 966 1260 966 
280 168 480 168 
252 216 84 84 
180 60 150 60 
792 836 684 684 
320 440 704 320 
1040 1000 1300 1000 
450 1250 450 450 
1218 420 580 420 
378 1008 432 378 
252 756 294 252 
84 90 420 84 
684 722 684 684 
232 986 136 136 
280 180 252 180 
104 728 56 56 
78 144 624 78 
32 136 136 32 
324 1296 288 288 
72 108 12 12 
700 100 56 56 
840 476 1020 476 
132 168 308 132 
80 360 144 80 
120 16 60 16 
378 140 540 140 
624 48 26 26 
168 144 84 84 
1100 1144 1300 1100 
76 72 684 72 
1334 116 92 92 
60 120 16 16 
144 108 216 108 
448 812 928 448 
306 102 54 54 
378 216 504 216 
828 792 1012 792 
160 64 80 64 
116 28 406 28 
1026 810 570 570 
192 1296 216 192 
1000 560 700 560 
368 874 304 304 
48 912 38 38 
240 400 120 120 
240 80 150 80 
1008 280 180 180 
782 1012 748 748 
288 416 234 234 
1440 192 240 192 
156 78 676 78 
528 792 432 432 
986 986 1682 986 
208 128 832 128 
210 280 600 210 
270 900 540 270 
168 252 432 168 
1064 684 1008 684 
506 1058 506 506 
960 40 48 40 
120 144 960 120 
52 52 2 2 
280 120 168 120 
270 1296 240 240 
546 504 312 312 
800 200 200 200 
336 504 108 108 
572 572 242 242 
1508 696 624 624 
168 88 462 88 
440 374 680 374 
1188 1080 880 880 
418 462 798 418 
44 242 44 44 
130 70 182 70 
240 500 600 240 
1176 56 42 42 
900 1020 510 510 
1064 38 56 38 
152 456 96 96 
88 96 264 88 
80 600 240 80 
396 180 110 110 
880 480 528 480 
42 378 162 42 
1040 208 160 160 
702 1404 676 676 
644 364 598 364 
152 266 56 56 
1404 864 832 832 
200 200 800 200 
180 80 288 80 
798 42 38 38 
352 16 44 16 
232 8 58 8 
480 300 720 300 
432 360 960 360 
60 48 160 48 
1740 180 174 174 
32 384 96 32 
224 252 576 224 
44 506 92 44 
690 480 736 480 
504 144 252 144 
1344 504 432 432 
12 26 156 12 
812 1160 560 560 
1296 624 702 624 
832 416 256 256 
60 204 170 60 
336 16 42 16 
1064 798 1176 798 
28 448 32 28 
72 36 324 36 
1624 560 580 560 
1144 1404 1188 1144 
936 1196 828 828 
1056 96 88 88 
1456 52 56 52 
1566 696 648 648 
780 286 660 286 
50 250 10 10 
780 1080 468 468 
78 572 132 78 
440 220 484 220 
28 98 28 28 
612 272 288 272 
396 1144 468 396 
1080 576 960 576 
40 12 60 12 
378 702 182 182 
120 640 96 96 
378 672 288 288 
36 540 30 30 
1260 1800 1260 1260 
200 1150 184 184 
66 154 42 42 
60 144 120 60 
54 40 1080 40 
390 720 624 390 
1334 116 92 92 
130 240 624 130 
704 480 660 480 
784 84 168 84 
1392 432 522 432 
80 160 16 16 
600 80 240 80 
322 280 920 280 
528 504 924 504 
114 418 66 66 
224 1568 224 224 
40 56 70 40 
672 600 1400 600 
64 832 104 64 
920 280 322 280 
210 1218 290 210 
378 672 288 288 
108 120 180 108 
108 48 72 48 
672 812 1392 672 
616 132 336 132 
440 44 20 20 
1260 1200 840 840 
442 272 208 208 
100 1200 96 96 
798 126 114 114 
448 224 784 224 
348 1624 336 336 
540 560 1512 540 
660 264 720 264 
68 40 340 40 
532 646 476 476 
44 88 16 16 
52 4 104 4 
104 32 104 32 
920 720 828 720 
68 714 84 68 
392 210 840 210 
18 162 162 18 
816 1020 1440 816 
1568 1120 1120 1120 
210 290 1218 210 
312 456 494 312 
1392 1682 1392 1392 
380 120 228 120 
456 336 532 336 
168 136 714 136 
864 32 54 32 
136 1020 240 136 
1058 828 828 828 
690 810 1242 690 
104 44 572 44 
192 128 192 128 
690 1196 780 690 
1020 510 900 510 
578 510 510 510 
192 240 1440 192 
162 180 180 162 
700 1000 560 560 
550 418 950 418 
280 14 40 14 
378 126 54 54 
266 342 126 126 
120 228 380 120 
624 720 1560 624 
378 360 840 360 
330 132 180 132 
1260 378 540 378 
360 612 340 340 
396 144 352 144 
480 1560 416 416 
672 648 1512 648 
578 238 238 238 
286 208 176 176 
30 126 210 30 
48 58 1392 48 
56 112 4 4 
1008 560 360 360 
464 812 224 224 
1352 1404 1404 1352 
340 500 850 340 
1320 180 132 132 
486 234 702 234 
882 168 168 168 
1740 928 960 928 
308 280 880 280 
480 40 96 40 
928 986 544 544 
840 510 952 510 
722 836 836 722 
144 96 108 96 
1196 1104 1248 1104 
200 216 1350 200 
384 48 64 48 
132 216 396 132 
532 224 304 224 
522 754 234 234 
1380 1140 874 874 
320 32 20 20 
168 1176 224 168 
1150 1250 1150 1150 
342 288 608 288 
660 264 720 264 
144 54 432 54 
1064 152 224 152 
432 216 324 216 
14 50 350 14 
392 14 56 14 
144 72 576 72 
1440 1056 1320 1056 
1296 1248 1404 1248 
540 1800 540 540 
580 160 464 160 
48 216 144 48 
20 30 300 20 
80 208 520 80 
920 640 736 640 
36 84 168 36 
480 256 960 256 
700 560 1000 560 
198 54 66 54 
690 1150 750 690 
480 1320 352 352 
836 684 792 684 
50 24 600 24 
1350 350 378 350 
1150 138 150 138 
520 320 208 208 
300 420 70 70 
684 1026 972 684 
920 138 120 120 
34 714 42 34 
882 1134 1134 882 
26 48 624 26 
420 1200 280 280 
378 324 756 324 
1196 312 276 276 
396 522 1276 396 
204 252 714 204 
1568 1624 1624 1568 
950 1300 988 950 
486 1134 378 378 
260 416 80 80 
418 38 22 22 
20 36 360 20 
232 64 464 64 
84 88 924 84 
336 192 224 192 
total 1756282